Orthogroup	Mycobacterium_tuberculosis	Pseudomonas_aeruginosa	Total
OG0000000	1	107	108
OG0000001	86	0	86
OG0000002	61	0	61
OG0000003	0	48	48
OG0000004	0	33	33
OG0000005	1	28	29
OG0000006	0	27	27
OG0000007	0	26	26
OG0000008	0	22	22
OG0000009	0	22	22
OG0000010	20	0	20
OG0000011	0	19	19
OG0000012	1	17	18
OG0000013	16	1	17
OG0000014	0	17	17
OG0000015	16	0	16
OG0000016	0	16	16
OG0000017	13	2	15
OG0000018	1	14	15
OG0000019	0	15	15
OG0000020	13	1	14
OG0000021	0	14	14
OG0000022	13	0	13
OG0000023	4	9	13
OG0000024	1	12	13
OG0000025	0	13	13
OG0000026	0	13	13
OG0000027	0	13	13
OG0000028	3	9	12
OG0000029	12	0	12
OG0000030	12	0	12
OG0000031	2	10	12
OG0000032	3	9	12
OG0000033	1	11	12
OG0000034	1	11	12
OG0000035	0	12	12
OG0000036	0	12	12
OG0000037	2	9	11
OG0000038	1	10	11
OG0000039	1	10	11
OG0000040	0	11	11
OG0000041	0	11	11
OG0000042	0	11	11
OG0000043	10	0	10
OG0000044	1	9	10
OG0000045	1	9	10
OG0000046	1	9	10
OG0000047	1	9	10
OG0000048	0	10	10
OG0000049	0	10	10
OG0000050	1	8	9
OG0000051	4	5	9
OG0000052	9	0	9
OG0000053	1	8	9
OG0000054	2	7	9
OG0000055	0	9	9
OG0000056	0	9	9
OG0000057	0	9	9
OG0000058	0	9	9
OG0000059	1	7	8
OG0000060	8	0	8
OG0000061	1	7	8
OG0000062	1	7	8
OG0000063	2	6	8
OG0000064	8	0	8
OG0000065	2	6	8
OG0000066	1	7	8
OG0000067	8	0	8
OG0000068	1	7	8
OG0000069	8	0	8
OG0000070	3	5	8
OG0000071	2	6	8
OG0000072	1	7	8
OG0000073	1	7	8
OG0000074	0	8	8
OG0000075	0	8	8
OG0000076	0	8	8
OG0000077	5	2	7
OG0000078	2	5	7
OG0000079	1	6	7
OG0000080	1	6	7
OG0000081	7	0	7
OG0000082	7	0	7
OG0000083	7	0	7
OG0000084	7	0	7
OG0000085	1	6	7
OG0000086	1	6	7
OG0000087	1	6	7
OG0000088	1	6	7
OG0000089	1	6	7
OG0000090	1	6	7
OG0000091	1	6	7
OG0000092	2	5	7
OG0000093	3	4	7
OG0000094	2	5	7
OG0000095	1	6	7
OG0000096	1	6	7
OG0000097	1	6	7
OG0000098	0	7	7
OG0000099	0	7	7
OG0000100	0	7	7
OG0000101	0	7	7
OG0000102	0	7	7
OG0000103	0	7	7
OG0000104	0	7	7
OG0000105	0	7	7
OG0000106	0	7	7
OG0000107	0	7	7
OG0000108	0	7	7
OG0000109	0	7	7
OG0000110	0	7	7
OG0000111	0	7	7
OG0000112	0	7	7
OG0000113	4	2	6
OG0000114	5	1	6
OG0000115	4	2	6
OG0000116	6	0	6
OG0000117	4	2	6
OG0000118	1	5	6
OG0000119	4	2	6
OG0000120	1	5	6
OG0000121	1	5	6
OG0000122	2	4	6
OG0000123	5	1	6
OG0000124	6	0	6
OG0000125	1	5	6
OG0000126	2	4	6
OG0000127	1	5	6
OG0000128	1	5	6
OG0000129	1	5	6
OG0000130	2	4	6
OG0000131	1	5	6
OG0000132	4	2	6
OG0000133	1	5	6
OG0000134	2	4	6
OG0000135	2	4	6
OG0000136	1	5	6
OG0000137	1	5	6
OG0000138	1	5	6
OG0000139	1	5	6
OG0000140	1	5	6
OG0000141	1	5	6
OG0000142	0	6	6
OG0000143	0	6	6
OG0000144	0	6	6
OG0000145	0	6	6
OG0000146	0	6	6
OG0000147	0	6	6
OG0000148	0	6	6
OG0000149	0	6	6
OG0000150	0	6	6
OG0000151	0	6	6
OG0000152	0	6	6
OG0000153	0	6	6
OG0000154	0	6	6
OG0000155	0	6	6
OG0000156	0	6	6
OG0000157	0	6	6
OG0000158	2	3	5
OG0000159	5	0	5
OG0000160	2	3	5
OG0000161	5	0	5
OG0000162	4	1	5
OG0000163	3	2	5
OG0000164	5	0	5
OG0000165	4	1	5
OG0000166	5	0	5
OG0000167	5	0	5
OG0000168	5	0	5
OG0000169	2	3	5
OG0000170	2	3	5
OG0000171	1	4	5
OG0000172	1	4	5
OG0000173	2	3	5
OG0000174	5	0	5
OG0000175	5	0	5
OG0000176	5	0	5
OG0000177	1	4	5
OG0000178	2	3	5
OG0000179	5	0	5
OG0000180	4	1	5
OG0000181	5	0	5
OG0000182	5	0	5
OG0000183	3	2	5
OG0000184	1	4	5
OG0000185	4	1	5
OG0000186	1	4	5
OG0000187	5	0	5
OG0000188	1	4	5
OG0000189	1	4	5
OG0000190	1	4	5
OG0000191	1	4	5
OG0000192	1	4	5
OG0000193	5	0	5
OG0000194	2	3	5
OG0000195	1	4	5
OG0000196	2	3	5
OG0000197	1	4	5
OG0000198	1	4	5
OG0000199	1	4	5
OG0000200	1	4	5
OG0000201	1	4	5
OG0000202	1	4	5
OG0000203	2	3	5
OG0000204	1	4	5
OG0000205	1	4	5
OG0000206	1	4	5
OG0000207	0	5	5
OG0000208	0	5	5
OG0000209	0	5	5
OG0000210	0	5	5
OG0000211	0	5	5
OG0000212	0	5	5
OG0000213	0	5	5
OG0000214	0	5	5
OG0000215	0	5	5
OG0000216	0	5	5
OG0000217	0	5	5
OG0000218	0	5	5
OG0000219	0	5	5
OG0000220	0	5	5
OG0000221	0	5	5
OG0000222	0	5	5
OG0000223	0	5	5
OG0000224	0	5	5
OG0000225	0	5	5
OG0000226	4	0	4
OG0000227	3	1	4
OG0000228	4	0	4
OG0000229	4	0	4
OG0000230	4	0	4
OG0000231	4	0	4
OG0000232	4	0	4
OG0000233	4	0	4
OG0000234	4	0	4
OG0000235	3	1	4
OG0000236	2	2	4
OG0000237	1	3	4
OG0000238	4	0	4
OG0000239	4	0	4
OG0000240	4	0	4
OG0000241	4	0	4
OG0000242	3	1	4
OG0000243	1	3	4
OG0000244	1	3	4
OG0000245	2	2	4
OG0000246	1	3	4
OG0000247	4	0	4
OG0000248	1	3	4
OG0000249	2	2	4
OG0000250	4	0	4
OG0000251	3	1	4
OG0000252	3	1	4
OG0000253	1	3	4
OG0000254	4	0	4
OG0000255	1	3	4
OG0000256	2	2	4
OG0000257	4	0	4
OG0000258	4	0	4
OG0000259	4	0	4
OG0000260	4	0	4
OG0000261	2	2	4
OG0000262	3	1	4
OG0000263	3	1	4
OG0000264	1	3	4
OG0000265	1	3	4
OG0000266	3	1	4
OG0000267	2	2	4
OG0000268	1	3	4
OG0000269	4	0	4
OG0000270	1	3	4
OG0000271	1	3	4
OG0000272	1	3	4
OG0000273	2	2	4
OG0000274	1	3	4
OG0000275	2	2	4
OG0000276	1	3	4
OG0000277	4	0	4
OG0000278	1	3	4
OG0000279	1	3	4
OG0000280	4	0	4
OG0000281	1	3	4
OG0000282	1	3	4
OG0000283	3	1	4
OG0000284	1	3	4
OG0000285	2	2	4
OG0000286	1	3	4
OG0000287	2	2	4
OG0000288	1	3	4
OG0000289	1	3	4
OG0000290	3	1	4
OG0000291	3	1	4
OG0000292	2	2	4
OG0000293	1	3	4
OG0000294	1	3	4
OG0000295	1	3	4
OG0000296	1	3	4
OG0000297	1	3	4
OG0000298	1	3	4
OG0000299	2	2	4
OG0000300	1	3	4
OG0000301	1	3	4
OG0000302	1	3	4
OG0000303	1	3	4
OG0000304	1	3	4
OG0000305	1	3	4
OG0000306	1	3	4
OG0000307	1	3	4
OG0000308	1	3	4
OG0000309	2	2	4
OG0000310	1	3	4
OG0000311	1	3	4
OG0000312	1	3	4
OG0000313	1	3	4
OG0000314	1	3	4
OG0000315	1	3	4
OG0000316	1	3	4
OG0000317	1	3	4
OG0000318	1	3	4
OG0000319	2	2	4
OG0000320	2	2	4
OG0000321	1	3	4
OG0000322	0	4	4
OG0000323	0	4	4
OG0000324	0	4	4
OG0000325	0	4	4
OG0000326	0	4	4
OG0000327	0	4	4
OG0000328	0	4	4
OG0000329	0	4	4
OG0000330	0	4	4
OG0000331	0	4	4
OG0000332	0	4	4
OG0000333	0	4	4
OG0000334	0	4	4
OG0000335	0	4	4
OG0000336	0	4	4
OG0000337	0	4	4
OG0000338	0	4	4
OG0000339	0	4	4
OG0000340	0	4	4
OG0000341	0	4	4
OG0000342	0	4	4
OG0000343	0	4	4
OG0000344	0	4	4
OG0000345	0	4	4
OG0000346	0	4	4
OG0000347	0	4	4
OG0000348	0	4	4
OG0000349	0	4	4
OG0000350	0	4	4
OG0000351	0	4	4
OG0000352	0	4	4
OG0000353	0	4	4
OG0000354	0	4	4
OG0000355	0	4	4
OG0000356	0	4	4
OG0000357	0	4	4
OG0000358	0	4	4
OG0000359	0	4	4
OG0000360	0	4	4
OG0000361	0	4	4
OG0000362	0	4	4
OG0000363	0	4	4
OG0000364	0	4	4
OG0000365	0	4	4
OG0000366	0	4	4
OG0000367	0	4	4
OG0000368	0	4	4
OG0000369	0	4	4
OG0000370	0	4	4
OG0000371	0	4	4
OG0000372	0	4	4
OG0000373	0	4	4
OG0000374	0	4	4
OG0000375	0	4	4
OG0000376	0	4	4
OG0000377	0	4	4
OG0000378	0	4	4
OG0000379	1	2	3
OG0000380	3	0	3
OG0000381	1	2	3
OG0000382	1	2	3
OG0000383	3	0	3
OG0000384	3	0	3
OG0000385	3	0	3
OG0000386	3	0	3
OG0000387	2	1	3
OG0000388	1	2	3
OG0000389	1	2	3
OG0000390	3	0	3
OG0000391	2	1	3
OG0000392	2	1	3
OG0000393	3	0	3
OG0000394	3	0	3
OG0000395	3	0	3
OG0000396	1	2	3
OG0000397	2	1	3
OG0000398	2	1	3
OG0000399	2	1	3
OG0000400	3	0	3
OG0000401	1	2	3
OG0000402	1	2	3
OG0000403	2	1	3
OG0000404	3	0	3
OG0000405	3	0	3
OG0000406	3	0	3
OG0000407	2	1	3
OG0000408	3	0	3
OG0000409	3	0	3
OG0000410	2	1	3
OG0000411	1	2	3
OG0000412	2	1	3
OG0000413	1	2	3
OG0000414	2	1	3
OG0000415	1	2	3
OG0000416	2	1	3
OG0000417	2	1	3
OG0000418	1	2	3
OG0000419	2	1	3
OG0000420	1	2	3
OG0000421	1	2	3
OG0000422	1	2	3
OG0000423	3	0	3
OG0000424	3	0	3
OG0000425	2	1	3
OG0000426	1	2	3
OG0000427	3	0	3
OG0000428	1	2	3
OG0000429	1	2	3
OG0000430	3	0	3
OG0000431	1	2	3
OG0000432	2	1	3
OG0000433	2	1	3
OG0000434	2	1	3
OG0000435	3	0	3
OG0000436	3	0	3
OG0000437	3	0	3
OG0000438	2	1	3
OG0000439	1	2	3
OG0000440	3	0	3
OG0000441	3	0	3
OG0000442	1	2	3
OG0000443	1	2	3
OG0000444	1	2	3
OG0000445	2	1	3
OG0000446	1	2	3
OG0000447	1	2	3
OG0000448	1	2	3
OG0000449	3	0	3
OG0000450	3	0	3
OG0000451	2	1	3
OG0000452	3	0	3
OG0000453	2	1	3
OG0000454	2	1	3
OG0000455	1	2	3
OG0000456	2	1	3
OG0000457	1	2	3
OG0000458	1	2	3
OG0000459	2	1	3
OG0000460	3	0	3
OG0000461	1	2	3
OG0000462	2	1	3
OG0000463	3	0	3
OG0000464	1	2	3
OG0000465	3	0	3
OG0000466	3	0	3
OG0000467	1	2	3
OG0000468	1	2	3
OG0000469	3	0	3
OG0000470	1	2	3
OG0000471	3	0	3
OG0000472	1	2	3
OG0000473	1	2	3
OG0000474	1	2	3
OG0000475	3	0	3
OG0000476	3	0	3
OG0000477	2	1	3
OG0000478	2	1	3
OG0000479	1	2	3
OG0000480	2	1	3
OG0000481	1	2	3
OG0000482	2	1	3
OG0000483	3	0	3
OG0000484	2	1	3
OG0000485	3	0	3
OG0000486	3	0	3
OG0000487	3	0	3
OG0000488	1	2	3
OG0000489	1	2	3
OG0000490	1	2	3
OG0000491	3	0	3
OG0000492	3	0	3
OG0000493	1	2	3
OG0000494	2	1	3
OG0000495	1	2	3
OG0000496	2	1	3
OG0000497	1	2	3
OG0000498	1	2	3
OG0000499	1	2	3
OG0000500	3	0	3
OG0000501	1	2	3
OG0000502	3	0	3
OG0000503	1	2	3
OG0000504	2	1	3
OG0000505	1	2	3
OG0000506	2	1	3
OG0000507	2	1	3
OG0000508	1	2	3
OG0000509	1	2	3
OG0000510	2	1	3
OG0000511	2	1	3
OG0000512	1	2	3
OG0000513	1	2	3
OG0000514	1	2	3
OG0000515	1	2	3
OG0000516	2	1	3
OG0000517	1	2	3
OG0000518	1	2	3
OG0000519	2	1	3
OG0000520	1	2	3
OG0000521	1	2	3
OG0000522	3	0	3
OG0000523	1	2	3
OG0000524	1	2	3
OG0000525	1	2	3
OG0000526	1	2	3
OG0000527	1	2	3
OG0000528	3	0	3
OG0000529	3	0	3
OG0000530	2	1	3
OG0000531	3	0	3
OG0000532	3	0	3
OG0000533	3	0	3
OG0000534	1	2	3
OG0000535	1	2	3
OG0000536	3	0	3
OG0000537	1	2	3
OG0000538	1	2	3
OG0000539	1	2	3
OG0000540	1	2	3
OG0000541	3	0	3
OG0000542	1	2	3
OG0000543	1	2	3
OG0000544	1	2	3
OG0000545	2	1	3
OG0000546	1	2	3
OG0000547	1	2	3
OG0000548	1	2	3
OG0000549	1	2	3
OG0000550	1	2	3
OG0000551	1	2	3
OG0000552	1	2	3
OG0000553	1	2	3
OG0000554	1	2	3
OG0000555	1	2	3
OG0000556	1	2	3
OG0000557	1	2	3
OG0000558	1	2	3
OG0000559	2	1	3
OG0000560	1	2	3
OG0000561	1	2	3
OG0000562	1	2	3
OG0000563	1	2	3
OG0000564	3	0	3
OG0000565	1	2	3
OG0000566	1	2	3
OG0000567	1	2	3
OG0000568	1	2	3
OG0000569	1	2	3
OG0000570	1	2	3
OG0000571	2	1	3
OG0000572	1	2	3
OG0000573	2	1	3
OG0000574	2	1	3
OG0000575	1	2	3
OG0000576	2	1	3
OG0000577	1	2	3
OG0000578	2	1	3
OG0000579	1	2	3
OG0000580	1	2	3
OG0000581	1	2	3
OG0000582	1	2	3
OG0000583	1	2	3
OG0000584	1	2	3
OG0000585	1	2	3
OG0000586	1	2	3
OG0000587	1	2	3
OG0000588	1	2	3
OG0000589	1	2	3
OG0000590	1	2	3
OG0000591	1	2	3
OG0000592	1	2	3
OG0000593	2	1	3
OG0000594	2	1	3
OG0000595	1	2	3
OG0000596	1	2	3
OG0000597	1	2	3
OG0000598	3	0	3
OG0000599	1	2	3
OG0000600	1	2	3
OG0000601	1	2	3
OG0000602	1	2	3
OG0000603	1	2	3
OG0000604	1	2	3
OG0000605	1	2	3
OG0000606	1	2	3
OG0000607	1	2	3
OG0000608	1	2	3
OG0000609	1	2	3
OG0000610	1	2	3
OG0000611	1	2	3
OG0000612	1	2	3
OG0000613	1	2	3
OG0000614	0	3	3
OG0000615	0	3	3
OG0000616	0	3	3
OG0000617	0	3	3
OG0000618	0	3	3
OG0000619	0	3	3
OG0000620	0	3	3
OG0000621	0	3	3
OG0000622	0	3	3
OG0000623	0	3	3
OG0000624	0	3	3
OG0000625	0	3	3
OG0000626	0	3	3
OG0000627	0	3	3
OG0000628	0	3	3
OG0000629	0	3	3
OG0000630	0	3	3
OG0000631	0	3	3
OG0000632	0	3	3
OG0000633	0	3	3
OG0000634	0	3	3
OG0000635	0	3	3
OG0000636	0	3	3
OG0000637	0	3	3
OG0000638	0	3	3
OG0000639	0	3	3
OG0000640	0	3	3
OG0000641	0	3	3
OG0000642	0	3	3
OG0000643	0	3	3
OG0000644	0	3	3
OG0000645	0	3	3
OG0000646	0	3	3
OG0000647	0	3	3
OG0000648	0	3	3
OG0000649	0	3	3
OG0000650	0	3	3
OG0000651	0	3	3
OG0000652	0	3	3
OG0000653	0	3	3
OG0000654	0	3	3
OG0000655	0	3	3
OG0000656	0	3	3
OG0000657	0	3	3
OG0000658	0	3	3
OG0000659	0	3	3
OG0000660	0	3	3
OG0000661	0	3	3
OG0000662	0	3	3
OG0000663	0	3	3
OG0000664	0	3	3
OG0000665	0	3	3
OG0000666	0	3	3
OG0000667	0	3	3
OG0000668	0	3	3
OG0000669	0	3	3
OG0000670	0	3	3
OG0000671	0	3	3
OG0000672	0	3	3
OG0000673	0	3	3
OG0000674	0	3	3
OG0000675	0	3	3
OG0000676	0	3	3
OG0000677	0	3	3
OG0000678	0	3	3
OG0000679	0	3	3
OG0000680	0	3	3
OG0000681	0	3	3
OG0000682	0	3	3
OG0000683	0	3	3
OG0000684	0	3	3
OG0000685	0	3	3
OG0000686	0	3	3
OG0000687	0	3	3
OG0000688	0	3	3
OG0000689	0	3	3
OG0000690	0	3	3
OG0000691	0	3	3
OG0000692	0	3	3
OG0000693	0	3	3
OG0000694	0	3	3
OG0000695	0	3	3
OG0000696	0	3	3
OG0000697	0	3	3
OG0000698	0	3	3
OG0000699	0	3	3
OG0000700	0	3	3
OG0000701	0	3	3
OG0000702	0	3	3
OG0000703	0	3	3
OG0000704	1	1	2
OG0000705	1	1	2
OG0000706	1	1	2
OG0000707	1	1	2
OG0000708	1	1	2
OG0000709	1	1	2
OG0000710	2	0	2
OG0000711	2	0	2
OG0000712	1	1	2
OG0000713	2	0	2
OG0000714	1	1	2
OG0000715	1	1	2
OG0000716	2	0	2
OG0000717	1	1	2
OG0000718	2	0	2
OG0000719	1	1	2
OG0000720	1	1	2
OG0000721	1	1	2
OG0000722	1	1	2
OG0000723	1	1	2
OG0000724	2	0	2
OG0000725	1	1	2
OG0000726	2	0	2
OG0000727	2	0	2
OG0000728	2	0	2
OG0000729	1	1	2
OG0000730	1	1	2
OG0000731	2	0	2
OG0000732	1	1	2
OG0000733	2	0	2
OG0000734	1	1	2
OG0000735	1	1	2
OG0000736	1	1	2
OG0000737	1	1	2
OG0000738	1	1	2
OG0000739	1	1	2
OG0000740	1	1	2
OG0000741	1	1	2
OG0000742	1	1	2
OG0000743	1	1	2
OG0000744	1	1	2
OG0000745	1	1	2
OG0000746	1	1	2
OG0000747	1	1	2
OG0000748	1	1	2
OG0000749	1	1	2
OG0000750	2	0	2
OG0000751	1	1	2
OG0000752	1	1	2
OG0000753	1	1	2
OG0000754	2	0	2
OG0000755	2	0	2
OG0000756	1	1	2
OG0000757	1	1	2
OG0000758	1	1	2
OG0000759	1	1	2
OG0000760	2	0	2
OG0000761	2	0	2
OG0000762	2	0	2
OG0000763	2	0	2
OG0000764	1	1	2
OG0000765	1	1	2
OG0000766	1	1	2
OG0000767	2	0	2
OG0000768	2	0	2
OG0000769	2	0	2
OG0000770	1	1	2
OG0000771	2	0	2
OG0000772	2	0	2
OG0000773	2	0	2
OG0000774	2	0	2
OG0000775	2	0	2
OG0000776	2	0	2
OG0000777	2	0	2
OG0000778	2	0	2
OG0000779	1	1	2
OG0000780	2	0	2
OG0000781	1	1	2
OG0000782	1	1	2
OG0000783	1	1	2
OG0000784	1	1	2
OG0000785	1	1	2
OG0000786	2	0	2
OG0000787	2	0	2
OG0000788	1	1	2
OG0000789	1	1	2
OG0000790	1	1	2
OG0000791	1	1	2
OG0000792	1	1	2
OG0000793	2	0	2
OG0000794	1	1	2
OG0000795	1	1	2
OG0000796	1	1	2
OG0000797	1	1	2
OG0000798	1	1	2
OG0000799	2	0	2
OG0000800	1	1	2
OG0000801	1	1	2
OG0000802	1	1	2
OG0000803	1	1	2
OG0000804	1	1	2
OG0000805	1	1	2
OG0000806	1	1	2
OG0000807	1	1	2
OG0000808	1	1	2
OG0000809	1	1	2
OG0000810	1	1	2
OG0000811	1	1	2
OG0000812	1	1	2
OG0000813	2	0	2
OG0000814	1	1	2
OG0000815	2	0	2
OG0000816	2	0	2
OG0000817	2	0	2
OG0000818	2	0	2
OG0000819	2	0	2
OG0000820	1	1	2
OG0000821	1	1	2
OG0000822	1	1	2
OG0000823	1	1	2
OG0000824	1	1	2
OG0000825	1	1	2
OG0000826	1	1	2
OG0000827	1	1	2
OG0000828	1	1	2
OG0000829	1	1	2
OG0000830	2	0	2
OG0000831	1	1	2
OG0000832	1	1	2
OG0000833	1	1	2
OG0000834	1	1	2
OG0000835	2	0	2
OG0000836	1	1	2
OG0000837	1	1	2
OG0000838	1	1	2
OG0000839	1	1	2
OG0000840	2	0	2
OG0000841	1	1	2
OG0000842	2	0	2
OG0000843	2	0	2
OG0000844	2	0	2
OG0000845	2	0	2
OG0000846	2	0	2
OG0000847	2	0	2
OG0000848	2	0	2
OG0000849	1	1	2
OG0000850	1	1	2
OG0000851	1	1	2
OG0000852	1	1	2
OG0000853	1	1	2
OG0000854	1	1	2
OG0000855	1	1	2
OG0000856	1	1	2
OG0000857	1	1	2
OG0000858	1	1	2
OG0000859	1	1	2
OG0000860	2	0	2
OG0000861	1	1	2
OG0000862	1	1	2
OG0000863	1	1	2
OG0000864	1	1	2
OG0000865	1	1	2
OG0000866	1	1	2
OG0000867	1	1	2
OG0000868	2	0	2
OG0000869	1	1	2
OG0000870	1	1	2
OG0000871	1	1	2
OG0000872	1	1	2
OG0000873	1	1	2
OG0000874	1	1	2
OG0000875	1	1	2
OG0000876	1	1	2
OG0000877	1	1	2
OG0000878	1	1	2
OG0000879	1	1	2
OG0000880	1	1	2
OG0000881	1	1	2
OG0000882	2	0	2
OG0000883	1	1	2
OG0000884	1	1	2
OG0000885	1	1	2
OG0000886	1	1	2
OG0000887	1	1	2
OG0000888	1	1	2
OG0000889	1	1	2
OG0000890	1	1	2
OG0000891	1	1	2
OG0000892	1	1	2
OG0000893	1	1	2
OG0000894	1	1	2
OG0000895	1	1	2
OG0000896	2	0	2
OG0000897	1	1	2
OG0000898	1	1	2
OG0000899	2	0	2
OG0000900	2	0	2
OG0000901	2	0	2
OG0000902	2	0	2
OG0000903	1	1	2
OG0000904	1	1	2
OG0000905	1	1	2
OG0000906	1	1	2
OG0000907	1	1	2
OG0000908	1	1	2
OG0000909	1	1	2
OG0000910	1	1	2
OG0000911	1	1	2
OG0000912	1	1	2
OG0000913	1	1	2
OG0000914	2	0	2
OG0000915	1	1	2
OG0000916	1	1	2
OG0000917	1	1	2
OG0000918	1	1	2
OG0000919	2	0	2
OG0000920	2	0	2
OG0000921	2	0	2
OG0000922	1	1	2
OG0000923	2	0	2
OG0000924	2	0	2
OG0000925	1	1	2
OG0000926	1	1	2
OG0000927	1	1	2
OG0000928	2	0	2
OG0000929	1	1	2
OG0000930	2	0	2
OG0000931	1	1	2
OG0000932	1	1	2
OG0000933	1	1	2
OG0000934	2	0	2
OG0000935	2	0	2
OG0000936	2	0	2
OG0000937	2	0	2
OG0000938	1	1	2
OG0000939	1	1	2
OG0000940	1	1	2
OG0000941	1	1	2
OG0000942	1	1	2
OG0000943	1	1	2
OG0000944	1	1	2
OG0000945	2	0	2
OG0000946	2	0	2
OG0000947	1	1	2
OG0000948	1	1	2
OG0000949	1	1	2
OG0000950	1	1	2
OG0000951	1	1	2
OG0000952	1	1	2
OG0000953	1	1	2
OG0000954	1	1	2
OG0000955	1	1	2
OG0000956	1	1	2
OG0000957	1	1	2
OG0000958	1	1	2
OG0000959	1	1	2
OG0000960	1	1	2
OG0000961	1	1	2
OG0000962	1	1	2
OG0000963	1	1	2
OG0000964	2	0	2
OG0000965	1	1	2
OG0000966	1	1	2
OG0000967	1	1	2
OG0000968	1	1	2
OG0000969	1	1	2
OG0000970	1	1	2
OG0000971	2	0	2
OG0000972	2	0	2
OG0000973	2	0	2
OG0000974	1	1	2
OG0000975	1	1	2
OG0000976	1	1	2
OG0000977	1	1	2
OG0000978	1	1	2
OG0000979	1	1	2
OG0000980	2	0	2
OG0000981	1	1	2
OG0000982	1	1	2
OG0000983	2	0	2
OG0000984	1	1	2
OG0000985	1	1	2
OG0000986	2	0	2
OG0000987	1	1	2
OG0000988	1	1	2
OG0000989	1	1	2
OG0000990	1	1	2
OG0000991	2	0	2
OG0000992	1	1	2
OG0000993	1	1	2
OG0000994	1	1	2
OG0000995	2	0	2
OG0000996	1	1	2
OG0000997	2	0	2
OG0000998	2	0	2
OG0000999	1	1	2
OG0001000	1	1	2
OG0001001	2	0	2
OG0001002	2	0	2
OG0001003	1	1	2
OG0001004	1	1	2
OG0001005	1	1	2
OG0001006	1	1	2
OG0001007	1	1	2
OG0001008	1	1	2
OG0001009	2	0	2
OG0001010	1	1	2
OG0001011	1	1	2
OG0001012	1	1	2
OG0001013	1	1	2
OG0001014	2	0	2
OG0001015	2	0	2
OG0001016	1	1	2
OG0001017	1	1	2
OG0001018	1	1	2
OG0001019	1	1	2
OG0001020	2	0	2
OG0001021	1	1	2
OG0001022	1	1	2
OG0001023	1	1	2
OG0001024	2	0	2
OG0001025	1	1	2
OG0001026	1	1	2
OG0001027	1	1	2
OG0001028	1	1	2
OG0001029	1	1	2
OG0001030	1	1	2
OG0001031	1	1	2
OG0001032	1	1	2
OG0001033	1	1	2
OG0001034	1	1	2
OG0001035	1	1	2
OG0001036	2	0	2
OG0001037	1	1	2
OG0001038	1	1	2
OG0001039	1	1	2
OG0001040	1	1	2
OG0001041	1	1	2
OG0001042	1	1	2
OG0001043	1	1	2
OG0001044	1	1	2
OG0001045	1	1	2
OG0001046	1	1	2
OG0001047	1	1	2
OG0001048	2	0	2
OG0001049	1	1	2
OG0001050	1	1	2
OG0001051	1	1	2
OG0001052	2	0	2
OG0001053	1	1	2
OG0001054	1	1	2
OG0001055	1	1	2
OG0001056	1	1	2
OG0001057	1	1	2
OG0001058	1	1	2
OG0001059	1	1	2
OG0001060	1	1	2
OG0001061	1	1	2
OG0001062	1	1	2
OG0001063	2	0	2
OG0001064	2	0	2
OG0001065	1	1	2
OG0001066	1	1	2
OG0001067	1	1	2
OG0001068	1	1	2
OG0001069	1	1	2
OG0001070	1	1	2
OG0001071	2	0	2
OG0001072	1	1	2
OG0001073	1	1	2
OG0001074	1	1	2
OG0001075	1	1	2
OG0001076	1	1	2
OG0001077	1	1	2
OG0001078	1	1	2
OG0001079	1	1	2
OG0001080	1	1	2
OG0001081	1	1	2
OG0001082	1	1	2
OG0001083	2	0	2
OG0001084	2	0	2
OG0001085	1	1	2
OG0001086	1	1	2
OG0001087	1	1	2
OG0001088	1	1	2
OG0001089	1	1	2
OG0001090	1	1	2
OG0001091	2	0	2
OG0001092	1	1	2
OG0001093	1	1	2
OG0001094	2	0	2
OG0001095	2	0	2
OG0001096	2	0	2
OG0001097	1	1	2
OG0001098	1	1	2
OG0001099	1	1	2
OG0001100	1	1	2
OG0001101	2	0	2
OG0001102	1	1	2
OG0001103	1	1	2
OG0001104	1	1	2
OG0001105	1	1	2
OG0001106	1	1	2
OG0001107	1	1	2
OG0001108	1	1	2
OG0001109	2	0	2
OG0001110	2	0	2
OG0001111	2	0	2
OG0001112	1	1	2
OG0001113	1	1	2
OG0001114	1	1	2
OG0001115	1	1	2
OG0001116	1	1	2
OG0001117	1	1	2
OG0001118	1	1	2
OG0001119	1	1	2
OG0001120	1	1	2
OG0001121	1	1	2
OG0001122	1	1	2
OG0001123	1	1	2
OG0001124	1	1	2
OG0001125	1	1	2
OG0001126	1	1	2
OG0001127	1	1	2
OG0001128	1	1	2
OG0001129	1	1	2
OG0001130	2	0	2
OG0001131	1	1	2
OG0001132	1	1	2
OG0001133	1	1	2
OG0001134	1	1	2
OG0001135	2	0	2
OG0001136	1	1	2
OG0001137	1	1	2
OG0001138	1	1	2
OG0001139	2	0	2
OG0001140	1	1	2
OG0001141	1	1	2
OG0001142	1	1	2
OG0001143	1	1	2
OG0001144	1	1	2
OG0001145	1	1	2
OG0001146	2	0	2
OG0001147	1	1	2
OG0001148	1	1	2
OG0001149	1	1	2
OG0001150	1	1	2
OG0001151	1	1	2
OG0001152	1	1	2
OG0001153	1	1	2
OG0001154	1	1	2
OG0001155	1	1	2
OG0001156	1	1	2
OG0001157	1	1	2
OG0001158	1	1	2
OG0001159	1	1	2
OG0001160	1	1	2
OG0001161	1	1	2
OG0001162	1	1	2
OG0001163	2	0	2
OG0001164	2	0	2
OG0001165	2	0	2
OG0001166	2	0	2
OG0001167	1	1	2
OG0001168	1	1	2
OG0001169	1	1	2
OG0001170	1	1	2
OG0001171	1	1	2
OG0001172	1	1	2
OG0001173	1	1	2
OG0001174	1	1	2
OG0001175	1	1	2
OG0001176	1	1	2
OG0001177	1	1	2
OG0001178	1	1	2
OG0001179	1	1	2
OG0001180	1	1	2
OG0001181	2	0	2
OG0001182	1	1	2
OG0001183	2	0	2
OG0001184	1	1	2
OG0001185	1	1	2
OG0001186	1	1	2
OG0001187	1	1	2
OG0001188	1	1	2
OG0001189	1	1	2
OG0001190	1	1	2
OG0001191	2	0	2
OG0001192	1	1	2
OG0001193	2	0	2
OG0001194	2	0	2
OG0001195	1	1	2
OG0001196	1	1	2
OG0001197	2	0	2
OG0001198	2	0	2
OG0001199	2	0	2
OG0001200	1	1	2
OG0001201	1	1	2
OG0001202	2	0	2
OG0001203	2	0	2
OG0001204	2	0	2
OG0001205	1	1	2
OG0001206	1	1	2
OG0001207	1	1	2
OG0001208	2	0	2
OG0001209	1	1	2
OG0001210	1	1	2
OG0001211	1	1	2
OG0001212	1	1	2
OG0001213	1	1	2
OG0001214	1	1	2
OG0001215	1	1	2
OG0001216	1	1	2
OG0001217	1	1	2
OG0001218	1	1	2
OG0001219	1	1	2
OG0001220	1	1	2
OG0001221	1	1	2
OG0001222	1	1	2
OG0001223	1	1	2
OG0001224	2	0	2
OG0001225	1	1	2
OG0001226	2	0	2
OG0001227	1	1	2
OG0001228	1	1	2
OG0001229	2	0	2
OG0001230	1	1	2
OG0001231	1	1	2
OG0001232	2	0	2
OG0001233	1	1	2
OG0001234	1	1	2
OG0001235	1	1	2
OG0001236	1	1	2
OG0001237	1	1	2
OG0001238	1	1	2
OG0001239	1	1	2
OG0001240	1	1	2
OG0001241	1	1	2
OG0001242	1	1	2
OG0001243	2	0	2
OG0001244	1	1	2
OG0001245	1	1	2
OG0001246	1	1	2
OG0001247	1	1	2
OG0001248	1	1	2
OG0001249	1	1	2
OG0001250	1	1	2
OG0001251	1	1	2
OG0001252	1	1	2
OG0001253	1	1	2
OG0001254	1	1	2
OG0001255	1	1	2
OG0001256	1	1	2
OG0001257	1	1	2
OG0001258	1	1	2
OG0001259	1	1	2
OG0001260	1	1	2
OG0001261	1	1	2
OG0001262	1	1	2
OG0001263	1	1	2
OG0001264	2	0	2
OG0001265	1	1	2
OG0001266	1	1	2
OG0001267	1	1	2
OG0001268	1	1	2
OG0001269	2	0	2
OG0001270	1	1	2
OG0001271	1	1	2
OG0001272	2	0	2
OG0001273	1	1	2
OG0001274	1	1	2
OG0001275	1	1	2
OG0001276	2	0	2
OG0001277	1	1	2
OG0001278	2	0	2
OG0001279	1	1	2
OG0001280	1	1	2
OG0001281	1	1	2
OG0001282	1	1	2
OG0001283	1	1	2
OG0001284	1	1	2
OG0001285	1	1	2
OG0001286	1	1	2
OG0001287	1	1	2
OG0001288	1	1	2
OG0001289	1	1	2
OG0001290	1	1	2
OG0001291	1	1	2
OG0001292	1	1	2
OG0001293	1	1	2
OG0001294	1	1	2
OG0001295	1	1	2
OG0001296	1	1	2
OG0001297	1	1	2
OG0001298	1	1	2
OG0001299	1	1	2
OG0001300	1	1	2
OG0001301	1	1	2
OG0001302	1	1	2
OG0001303	1	1	2
OG0001304	1	1	2
OG0001305	1	1	2
OG0001306	1	1	2
OG0001307	1	1	2
OG0001308	1	1	2
OG0001309	1	1	2
OG0001310	1	1	2
OG0001311	1	1	2
OG0001312	1	1	2
OG0001313	1	1	2
OG0001314	1	1	2
OG0001315	1	1	2
OG0001316	1	1	2
OG0001317	1	1	2
OG0001318	1	1	2
OG0001319	1	1	2
OG0001320	1	1	2
OG0001321	1	1	2
OG0001322	1	1	2
OG0001323	1	1	2
OG0001324	1	1	2
OG0001325	1	1	2
OG0001326	1	1	2
OG0001327	1	1	2
OG0001328	1	1	2
OG0001329	1	1	2
OG0001330	1	1	2
OG0001331	1	1	2
OG0001332	1	1	2
OG0001333	1	1	2
OG0001334	2	0	2
OG0001335	1	1	2
OG0001336	2	0	2
OG0001337	1	1	2
OG0001338	1	1	2
OG0001339	1	1	2
OG0001340	1	1	2
OG0001341	1	1	2
OG0001342	1	1	2
OG0001343	1	1	2
OG0001344	1	1	2
OG0001345	1	1	2
OG0001346	1	1	2
OG0001347	1	1	2
OG0001348	1	1	2
OG0001349	1	1	2
OG0001350	1	1	2
OG0001351	2	0	2
OG0001352	1	1	2
OG0001353	1	1	2
OG0001354	1	1	2
OG0001355	1	1	2
OG0001356	1	1	2
OG0001357	1	1	2
OG0001358	1	1	2
OG0001359	1	1	2
OG0001360	1	1	2
OG0001361	2	0	2
OG0001362	1	1	2
OG0001363	1	1	2
OG0001364	1	1	2
OG0001365	1	1	2
OG0001366	1	1	2
OG0001367	1	1	2
OG0001368	1	1	2
OG0001369	1	1	2
OG0001370	1	1	2
OG0001371	1	1	2
OG0001372	1	1	2
OG0001373	1	1	2
OG0001374	1	1	2
OG0001375	1	1	2
OG0001376	1	1	2
OG0001377	1	1	2
OG0001378	1	1	2
OG0001379	1	1	2
OG0001380	1	1	2
OG0001381	1	1	2
OG0001382	1	1	2
OG0001383	1	1	2
OG0001384	1	1	2
OG0001385	1	1	2
OG0001386	2	0	2
OG0001387	1	1	2
OG0001388	1	1	2
OG0001389	1	1	2
OG0001390	1	1	2
OG0001391	1	1	2
OG0001392	1	1	2
OG0001393	1	1	2
OG0001394	1	1	2
OG0001395	1	1	2
OG0001396	1	1	2
OG0001397	1	1	2
OG0001398	1	1	2
OG0001399	1	1	2
OG0001400	1	1	2
OG0001401	1	1	2
OG0001402	1	1	2
OG0001403	2	0	2
OG0001404	1	1	2
OG0001405	1	1	2
OG0001406	1	1	2
OG0001407	1	1	2
OG0001408	1	1	2
OG0001409	1	1	2
OG0001410	1	1	2
OG0001411	1	1	2
OG0001412	1	1	2
OG0001413	1	1	2
OG0001414	1	1	2
OG0001415	1	1	2
OG0001416	1	1	2
OG0001417	1	1	2
OG0001418	1	1	2
OG0001419	1	1	2
OG0001420	1	1	2
OG0001421	1	1	2
OG0001422	1	1	2
OG0001423	1	1	2
OG0001424	2	0	2
OG0001425	2	0	2
OG0001426	1	1	2
OG0001427	1	1	2
OG0001428	2	0	2
OG0001429	2	0	2
OG0001430	1	1	2
OG0001431	1	1	2
OG0001432	1	1	2
OG0001433	1	1	2
OG0001434	1	1	2
OG0001435	1	1	2
OG0001436	1	1	2
OG0001437	1	1	2
OG0001438	1	1	2
OG0001439	1	1	2
OG0001440	1	1	2
OG0001441	1	1	2
OG0001442	1	1	2
OG0001443	1	1	2
OG0001444	1	1	2
OG0001445	1	1	2
OG0001446	1	1	2
OG0001447	1	1	2
OG0001448	1	1	2
OG0001449	1	1	2
OG0001450	1	1	2
OG0001451	1	1	2
OG0001452	1	1	2
OG0001453	1	1	2
OG0001454	1	1	2
OG0001455	1	1	2
OG0001456	1	1	2
OG0001457	1	1	2
OG0001458	2	0	2
OG0001459	1	1	2
OG0001460	1	1	2
OG0001461	1	1	2
OG0001462	1	1	2
OG0001463	2	0	2
OG0001464	1	1	2
OG0001465	1	1	2
OG0001466	1	1	2
OG0001467	1	1	2
OG0001468	1	1	2
OG0001469	2	0	2
OG0001470	1	1	2
OG0001471	1	1	2
OG0001472	1	1	2
OG0001473	1	1	2
OG0001474	1	1	2
OG0001475	1	1	2
OG0001476	1	1	2
OG0001477	1	1	2
OG0001478	1	1	2
OG0001479	1	1	2
OG0001480	1	1	2
OG0001481	1	1	2
OG0001482	1	1	2
OG0001483	1	1	2
OG0001484	1	1	2
OG0001485	1	1	2
OG0001486	1	1	2
OG0001487	1	1	2
OG0001488	1	1	2
OG0001489	1	1	2
OG0001490	1	1	2
OG0001491	1	1	2
OG0001492	1	1	2
OG0001493	1	1	2
OG0001494	1	1	2
OG0001495	1	1	2
OG0001496	1	1	2
OG0001497	1	1	2
OG0001498	1	1	2
OG0001499	1	1	2
OG0001500	1	1	2
OG0001501	1	1	2
OG0001502	1	1	2
OG0001503	1	1	2
OG0001504	1	1	2
OG0001505	1	1	2
OG0001506	1	1	2
OG0001507	1	1	2
OG0001508	1	1	2
OG0001509	1	1	2
OG0001510	1	1	2
OG0001511	1	1	2
OG0001512	1	1	2
OG0001513	1	1	2
OG0001514	1	1	2
OG0001515	1	1	2
OG0001516	1	1	2
OG0001517	1	1	2
OG0001518	1	1	2
OG0001519	1	1	2
OG0001520	1	1	2
OG0001521	2	0	2
OG0001522	1	1	2
OG0001523	1	1	2
OG0001524	1	1	2
OG0001525	1	1	2
OG0001526	2	0	2
OG0001527	2	0	2
OG0001528	1	1	2
OG0001529	1	1	2
OG0001530	1	1	2
OG0001531	1	1	2
OG0001532	1	1	2
OG0001533	1	1	2
OG0001534	1	1	2
OG0001535	1	1	2
OG0001536	1	1	2
OG0001537	1	1	2
OG0001538	2	0	2
OG0001539	1	1	2
OG0001540	1	1	2
OG0001541	1	1	2
OG0001542	1	1	2
OG0001543	1	1	2
OG0001544	1	1	2
OG0001545	1	1	2
OG0001546	1	1	2
OG0001547	1	1	2
OG0001548	1	1	2
OG0001549	1	1	2
OG0001550	2	0	2
OG0001551	2	0	2
OG0001552	2	0	2
OG0001553	1	1	2
OG0001554	1	1	2
OG0001555	1	1	2
OG0001556	1	1	2
OG0001557	1	1	2
OG0001558	1	1	2
OG0001559	1	1	2
OG0001560	1	1	2
OG0001561	1	1	2
OG0001562	1	1	2
OG0001563	1	1	2
OG0001564	1	1	2
OG0001565	1	1	2
OG0001566	1	1	2
OG0001567	1	1	2
OG0001568	1	1	2
OG0001569	1	1	2
OG0001570	1	1	2
OG0001571	0	2	2
OG0001572	0	2	2
OG0001573	0	2	2
OG0001574	0	2	2
OG0001575	0	2	2
OG0001576	0	2	2
OG0001577	0	2	2
OG0001578	0	2	2
OG0001579	0	2	2
OG0001580	0	2	2
OG0001581	0	2	2
OG0001582	0	2	2
OG0001583	0	2	2
OG0001584	0	2	2
OG0001585	0	2	2
OG0001586	0	2	2
OG0001587	0	2	2
OG0001588	0	2	2
OG0001589	0	2	2
OG0001590	0	2	2
OG0001591	0	2	2
OG0001592	0	2	2
OG0001593	0	2	2
OG0001594	0	2	2
OG0001595	0	2	2
OG0001596	0	2	2
OG0001597	0	2	2
OG0001598	0	2	2
OG0001599	0	2	2
OG0001600	0	2	2
OG0001601	0	2	2
OG0001602	0	2	2
OG0001603	0	2	2
OG0001604	0	2	2
OG0001605	0	2	2
OG0001606	0	2	2
OG0001607	0	2	2
OG0001608	0	2	2
OG0001609	0	2	2
OG0001610	0	2	2
OG0001611	0	2	2
OG0001612	0	2	2
OG0001613	0	2	2
OG0001614	0	2	2
OG0001615	0	2	2
OG0001616	0	2	2
OG0001617	0	2	2
OG0001618	0	2	2
OG0001619	0	2	2
OG0001620	0	2	2
OG0001621	0	2	2
OG0001622	0	2	2
OG0001623	0	2	2
OG0001624	0	2	2
OG0001625	0	2	2
OG0001626	0	2	2
OG0001627	0	2	2
OG0001628	0	2	2
OG0001629	0	2	2
OG0001630	0	2	2
OG0001631	0	2	2
OG0001632	0	2	2
OG0001633	0	2	2
OG0001634	0	2	2
OG0001635	0	2	2
OG0001636	0	2	2
OG0001637	0	2	2
OG0001638	0	2	2
OG0001639	0	2	2
OG0001640	0	2	2
OG0001641	0	2	2
OG0001642	0	2	2
OG0001643	0	2	2
OG0001644	0	2	2
OG0001645	0	2	2
OG0001646	0	2	2
OG0001647	0	2	2
OG0001648	0	2	2
OG0001649	0	2	2
OG0001650	0	2	2
OG0001651	0	2	2
OG0001652	0	2	2
OG0001653	0	2	2
OG0001654	0	2	2
OG0001655	0	2	2
OG0001656	0	2	2
OG0001657	0	2	2
OG0001658	0	2	2
OG0001659	0	2	2
OG0001660	0	2	2
OG0001661	0	2	2
OG0001662	0	2	2
OG0001663	0	2	2
OG0001664	0	2	2
OG0001665	0	2	2
OG0001666	0	2	2
OG0001667	0	2	2
OG0001668	0	2	2
OG0001669	0	2	2
OG0001670	0	2	2
OG0001671	0	2	2
OG0001672	0	2	2
OG0001673	0	2	2
OG0001674	0	2	2
OG0001675	0	2	2
OG0001676	0	2	2
OG0001677	0	2	2
OG0001678	0	2	2
OG0001679	0	2	2
OG0001680	0	2	2
OG0001681	0	2	2
OG0001682	0	2	2
OG0001683	0	2	2
OG0001684	0	2	2
OG0001685	0	2	2
OG0001686	0	2	2
OG0001687	0	2	2
OG0001688	0	2	2
OG0001689	0	2	2
OG0001690	0	2	2
OG0001691	0	2	2
OG0001692	0	2	2
OG0001693	0	2	2
OG0001694	0	2	2
OG0001695	0	2	2
OG0001696	0	2	2
OG0001697	0	2	2
OG0001698	0	2	2
OG0001699	0	2	2
OG0001700	0	2	2
OG0001701	0	2	2
OG0001702	0	2	2
OG0001703	0	2	2
OG0001704	0	2	2
OG0001705	0	2	2
OG0001706	0	2	2
OG0001707	0	2	2
OG0001708	0	2	2
OG0001709	0	2	2
OG0001710	0	2	2
OG0001711	0	2	2
OG0001712	0	2	2
OG0001713	0	2	2
OG0001714	0	2	2
OG0001715	0	2	2
OG0001716	0	2	2
OG0001717	0	2	2
OG0001718	0	2	2
OG0001719	0	2	2
OG0001720	0	2	2
OG0001721	0	2	2
OG0001722	0	2	2
OG0001723	0	2	2
OG0001724	0	2	2
OG0001725	0	2	2
OG0001726	0	2	2
OG0001727	0	2	2
OG0001728	0	2	2
OG0001729	0	2	2
OG0001730	0	2	2
OG0001731	0	2	2
OG0001732	0	2	2
OG0001733	0	2	2
OG0001734	0	2	2
OG0001735	0	2	2
OG0001736	0	2	2
OG0001737	0	2	2
OG0001738	0	2	2
OG0001739	0	2	2
OG0001740	0	2	2
OG0001741	0	2	2
OG0001742	0	2	2
OG0001743	0	2	2
OG0001744	0	2	2
OG0001745	0	2	2
OG0001746	0	2	2
OG0001747	0	2	2
OG0001748	0	2	2
OG0001749	0	2	2
OG0001750	0	2	2
OG0001751	0	2	2
OG0001752	0	2	2
OG0001753	0	2	2
OG0001754	0	2	2
OG0001755	0	2	2
OG0001756	0	2	2
OG0001757	0	2	2
OG0001758	0	2	2
OG0001759	0	2	2
OG0001760	0	2	2
OG0001761	0	2	2
OG0001762	0	2	2
OG0001763	0	2	2
OG0001764	0	2	2
OG0001765	0	2	2
OG0001766	0	2	2
OG0001767	0	2	2
OG0001768	0	2	2
OG0001769	0	2	2
OG0001770	0	2	2
OG0001771	0	2	2
OG0001772	0	2	2
OG0001773	0	2	2
OG0001774	0	2	2
OG0001775	0	2	2
OG0001776	0	2	2
OG0001777	0	2	2
OG0001778	0	2	2
OG0001779	0	2	2
OG0001780	0	2	2
OG0001781	0	2	2
OG0001782	0	2	2
OG0001783	0	2	2
OG0001784	0	2	2
OG0001785	0	2	2
OG0001786	0	2	2
OG0001787	0	2	2
OG0001788	0	2	2
OG0001789	0	2	2
OG0001790	0	2	2
OG0001791	0	2	2
OG0001792	0	2	2
OG0001793	0	2	2
OG0001794	0	2	2
OG0001795	0	2	2
OG0001796	0	2	2
OG0001797	0	2	2
OG0001798	0	2	2
OG0001799	0	2	2
OG0001800	0	2	2
OG0001801	0	2	2
OG0001802	0	2	2
OG0001803	0	2	2
OG0001804	0	2	2
OG0001805	0	2	2
